00100001
00100001
00100001
10000010
00100001
00100001
00100001
00100001
00100001

11111100

00001001
00111111

10000010
10000001

10001000
10110111
00000000
00000110

10110010
01010011

00100010

00100100
11011000

11101011
10000111
10011100
00110011
01101111
01111101


00100001
01010000


11101000

10001110
01101001
00100001
00100001
00100001
00100001
00100001
00100001
00100001
00100001

11101110

00001001
11000011

10000010
10101001
10110010
10100110

00100001
11010111


11101000
01110010
00001111
